Min 0.00	 Max 6.00	 Mean 2.78	 Median 3.00	 STD 1.26		 - Education
Min 0.00	 Max 15.22	 Mean 2.00	 Median 1.67	 STD 1.42		 - Work Exp.
Min 1.00	 Max 8.00	 Mean 4.50	 Median 4.50	 STD 2.03		 - Skills
Min 0.00	 Max 9.00	 Mean 4.50	 Median 4.00	 STD 2.88		 - Socio
Min -0.86	 Max 10.24	 Mean 4.75	 Median 4.75	 STD 1.63		 - Bias
Min -1.44	 Max 11.73	 Mean 5.28	 Median 5.28	 STD 1.83		 - Interview
Min 0.00	 Max 1.00	 Mean 0.38	 Median 0.00	 STD 0.49		 - Decision
(Continuous) First 25 samples from a total of 96000 samples:
	Education   = [[2.00]
 [4.00]
 [3.00]
 [4.00]
 [3.00]
 [1.00]
 [3.00]
 [1.00]
 [5.00]
 [2.00]
 [1.00]
 [4.00]
 [4.00]
 [4.00]
 [2.00]
 [3.00]
 [1.00]
 [4.00]
 [2.00]
 [2.00]
 [2.00]
 [1.00]
 [2.00]
 [4.00]
 [3.00]]
	Work Exp.   = [[2.61]
 [3.23]
 [1.01]
 [1.61]
 [0.21]
 [5.48]
 [1.31]
 [1.23]
 [1.11]
 [2.85]
 [1.21]
 [0.44]
 [7.05]
 [1.69]
 [1.37]
 [3.07]
 [4.48]
 [2.54]
 [2.10]
 [1.75]
 [2.13]
 [0.89]
 [3.06]
 [3.23]
 [0.55]]
	Skills      = [3.99 6.41 4.80 6.95 4.70 3.74 3.14 7.08 6.20 7.84 7.31 2.80 6.90 3.18 2.85 6.28 1.31 4.02 7.25 5.98 3.15 1.56 3.66 2.44 4.64]
	Socio       = [[7]
 [2]
 [6]
 [2]
 [4]
 [7]
 [4]
 [5]
 [5]
 [8]
 [8]
 [0]
 [7]
 [1]
 [9]
 [3]
 [5]
 [2]
 [8]
 [7]
 [3]
 [8]
 [5]
 [2]
 [3]]
	Bias        = [[5.23]
 [3.38]
 [4.88]
 [4.31]
 [5.45]
 [5.36]
 [3.26]
 [4.26]
 [4.82]
 [6.39]
 [5.57]
 [3.72]
 [5.40]
 [1.93]
 [6.13]
 [4.44]
 [5.40]
 [4.05]
 [6.31]
 [5.35]
 [5.65]
 [5.96]
 [5.92]
 [2.02]
 [4.16]]
	Interview   = [[3.94]
 [6.53]
 [5.88]
 [7.09]
 [4.88]
 [5.19]
 [3.68]
 [7.76]
 [7.31]
 [7.44]
 [8.12]
 [5.16]
 [6.85]
 [6.59]
 [4.92]
 [5.31]
 [4.66]
 [5.42]
 [8.21]
 [5.79]
 [5.07]
 [5.49]
 [4.04]
 [3.38]
 [5.14]]
	Decision    = [[0]
 [1]
 [0]
 [1]
 [0]
 [0]
 [0]
 [1]
 [1]
 [1]
 [1]
 [0]
 [1]
 [0]
 [0]
 [0]
 [0]
 [0]
 [1]
 [1]
 [0]
 [0]
 [0]
 [0]
 [0]]


***********************************


