Min 0.00	 Max 6.00	 Mean 3.00	 Median 3.00	 STD 1.78		 - Education
Min 0.00	 Max 13.62	 Mean 2.00	 Median 1.68	 STD 1.41		 - Work Exp.
Min 0.03	 Max 65.32	 Mean 3.59	 Median 3.45	 STD 1.64		 - Skills
Min 0.00	 Max 9.00	 Mean 4.51	 Median 5.00	 STD 2.86		 - Socio
Min -0.22	 Max 10.11	 Mean 4.75	 Median 4.75	 STD 1.62		 - Bias
Min -1.21	 Max 51.58	 Mean 4.60	 Median 4.53	 STD 1.60		 - Interview
Min 0.00	 Max 1.00	 Mean 0.16	 Median 0.00	 STD 0.37		 - Decision
(Continuous) First 25 samples from a total of 96000 samples:
	Education   = [0.00 1.00 5.00 3.00 1.00 1.00 1.00 3.00 4.00 2.00 2.00 6.00 5.00 3.00 2.00 0.00 3.00 3.00 5.00 1.00 5.00 3.00 5.00 5.00 1.00]
	Work Exp.   = [[0.84]
 [2.57]
 [1.30]
 [4.99]
 [2.76]
 [0.78]
 [0.32]
 [1.16]
 [1.53]
 [1.26]
 [1.55]
 [1.93]
 [0.43]
 [2.38]
 [4.42]
 [0.32]
 [0.61]
 [0.84]
 [2.00]
 [2.84]
 [0.43]
 [4.36]
 [0.88]
 [0.38]
 [3.08]]
	Skills      = [[1.51]
 [2.92]
 [3.99]
 [5.70]
 [2.83]
 [1.26]
 [0.83]
 [3.37]
 [3.60]
 [2.25]
 [2.85]
 [5.06]
 [3.58]
 [4.23]
 [5.10]
 [3.01]
 [2.28]
 [3.00]
 [4.79]
 [3.01]
 [3.19]
 [5.09]
 [3.66]
 [3.06]
 [3.01]]
	Socio       = [[0]
 [7]
 [9]
 [0]
 [8]
 [8]
 [0]
 [6]
 [7]
 [7]
 [1]
 [1]
 [5]
 [6]
 [2]
 [5]
 [7]
 [4]
 [8]
 [1]
 [3]
 [0]
 [2]
 [9]
 [7]]
	Bias        = [[2.37]
 [6.18]
 [6.73]
 [1.77]
 [4.73]
 [6.36]
 [4.18]
 [5.02]
 [4.21]
 [5.98]
 [2.52]
 [3.64]
 [5.15]
 [3.99]
 [4.07]
 [4.33]
 [6.05]
 [3.30]
 [7.21]
 [2.43]
 [2.93]
 [1.44]
 [2.49]
 [5.52]
 [6.25]]
	Interview   = [[4.09]
 [3.81]
 [4.59]
 [6.97]
 [2.95]
 [4.31]
 [0.74]
 [6.23]
 [4.91]
 [2.90]
 [3.62]
 [4.39]
 [5.65]
 [3.92]
 [5.65]
 [3.76]
 [2.92]
 [4.86]
 [6.09]
 [4.41]
 [5.08]
 [4.25]
 [5.25]
 [3.45]
 [4.42]]
	Decision    = [[0]
 [0]
 [0]
 [1]
 [0]
 [0]
 [0]
 [0]
 [0]
 [0]
 [0]
 [0]
 [0]
 [0]
 [0]
 [0]
 [0]
 [0]
 [1]
 [0]
 [0]
 [0]
 [0]
 [0]
 [0]]


***********************************


