Min 0.00	 Max 6.00	 Mean 2.79	 Median 3.00	 STD 1.26		 - Education
Min 0.00	 Max 13.93	 Mean 2.01	 Median 1.68	 STD 1.42		 - Work Exp.
Min 0.08	 Max 60.04	 Mean 3.47	 Median 3.27	 STD 1.50		 - Skills
Min 0.00	 Max 9.00	 Mean 4.49	 Median 4.00	 STD 2.87		 - Socio
Min -0.62	 Max 10.47	 Mean 4.74	 Median 4.74	 STD 1.62		 - Bias
Min -1.25	 Max 48.31	 Mean 4.51	 Median 4.43	 STD 1.55		 - Interview
Min 0.00	 Max 1.00	 Mean 0.14	 Median 0.00	 STD 0.35		 - Decision
(Continuous) First 25 samples from a total of 96000 samples:
	Education   = [[3.00]
 [3.00]
 [4.00]
 [5.00]
 [2.00]
 [5.00]
 [2.00]
 [1.00]
 [3.00]
 [2.00]
 [2.00]
 [2.00]
 [3.00]
 [3.00]
 [4.00]
 [2.00]
 [3.00]
 [3.00]
 [3.00]
 [4.00]
 [4.00]
 [3.00]
 [4.00]
 [3.00]
 [2.00]]
	Work Exp.   = [[0.57]
 [2.89]
 [0.71]
 [2.75]
 [2.83]
 [6.56]
 [1.73]
 [0.47]
 [0.93]
 [2.36]
 [0.69]
 [1.39]
 [4.49]
 [5.00]
 [2.04]
 [1.68]
 [2.14]
 [1.99]
 [0.82]
 [0.95]
 [2.19]
 [1.57]
 [1.98]
 [3.47]
 [5.27]]
	Skills      = [[2.14]
 [3.98]
 [2.76]
 [4.93]
 [3.37]
 [8.07]
 [2.52]
 [1.50]
 [2.37]
 [3.45]
 [1.67]
 [2.24]
 [5.33]
 [6.09]
 [4.59]
 [2.76]
 [3.46]
 [3.20]
 [2.37]
 [3.01]
 [5.48]
 [3.06]
 [4.57]
 [5.32]
 [5.47]]
	Socio       = [[0]
 [0]
 [3]
 [0]
 [2]
 [1]
 [7]
 [9]
 [6]
 [3]
 [6]
 [8]
 [1]
 [9]
 [6]
 [8]
 [0]
 [1]
 [8]
 [6]
 [4]
 [0]
 [5]
 [3]
 [3]]
	Bias        = [[2.42]
 [2.52]
 [3.65]
 [3.60]
 [3.29]
 [3.87]
 [5.74]
 [6.67]
 [6.55]
 [3.23]
 [5.93]
 [6.78]
 [3.67]
 [6.97]
 [4.81]
 [6.70]
 [2.56]
 [3.26]
 [5.71]
 [4.64]
 [4.00]
 [2.46]
 [5.96]
 [3.54]
 [4.87]]
	Interview   = [[4.18]
 [5.78]
 [5.38]
 [5.92]
 [4.56]
 [7.96]
 [2.28]
 [2.34]
 [4.43]
 [4.80]
 [3.96]
 [3.68]
 [6.98]
 [6.15]
 [6.04]
 [2.69]
 [3.22]
 [4.35]
 [0.50]
 [4.15]
 [6.80]
 [4.06]
 [5.18]
 [5.42]
 [6.42]]
	Decision    = [[0]
 [0]
 [0]
 [0]
 [0]
 [1]
 [0]
 [0]
 [0]
 [0]
 [0]
 [0]
 [1]
 [1]
 [0]
 [0]
 [0]
 [0]
 [0]
 [0]
 [1]
 [0]
 [0]
 [0]
 [1]]


***********************************


