Min 0.00	 Max 6.00	 Mean 2.79	 Median 3.00	 STD 1.26		 - Education
Min 0.00	 Max 14.82	 Mean 2.00	 Median 1.67	 STD 1.42		 - Work Exp.
Min 0.03	 Max 99.29	 Mean 3.47	 Median 3.26	 STD 1.52		 - Skills
Min 0.00	 Max 9.00	 Mean 4.48	 Median 4.00	 STD 2.87		 - Socio
Min -0.67	 Max 9.91	 Mean 4.74	 Median 4.74	 STD 1.62		 - Bias
Min 0.00	 Max 10.00	 Mean 4.99	 Median 4.99	 STD 2.89		 - Interview
Min 0.00	 Max 1.00	 Mean 0.35	 Median 0.00	 STD 0.48		 - Decision
(Continuous) First 25 samples from a total of 96000 samples:
	Education   = [[2.00]
 [3.00]
 [4.00]
 [3.00]
 [3.00]
 [2.00]
 [4.00]
 [2.00]
 [4.00]
 [1.00]
 [1.00]
 [2.00]
 [4.00]
 [1.00]
 [2.00]
 [5.00]
 [2.00]
 [4.00]
 [3.00]
 [3.00]
 [5.00]
 [5.00]
 [1.00]
 [2.00]
 [3.00]]
	Work Exp.   = [[2.50]
 [0.99]
 [1.67]
 [6.37]
 [1.32]
 [3.39]
 [1.56]
 [2.86]
 [5.28]
 [3.22]
 [5.01]
 [0.99]
 [4.18]
 [3.14]
 [0.43]
 [3.65]
 [1.62]
 [3.02]
 [2.69]
 [0.28]
 [1.60]
 [2.35]
 [0.37]
 [1.66]
 [0.47]]
	Skills      = [[3.22]
 [3.18]
 [4.13]
 [7.01]
 [2.71]
 [3.79]
 [3.46]
 [3.63]
 [6.36]
 [3.27]
 [4.54]
 [1.87]
 [5.50]
 [3.35]
 [1.51]
 [6.39]
 [2.54]
 [4.62]
 [3.85]
 [1.97]
 [5.41]
 [4.63]
 [1.18]
 [2.44]
 [2.22]]
	Socio       = [[7]
 [9]
 [3]
 [0]
 [3]
 [5]
 [2]
 [3]
 [6]
 [9]
 [4]
 [2]
 [5]
 [9]
 [2]
 [5]
 [9]
 [3]
 [1]
 [0]
 [0]
 [5]
 [9]
 [5]
 [5]]
	Bias        = [[5.71]
 [6.62]
 [4.03]
 [1.98]
 [3.04]
 [4.52]
 [2.75]
 [3.87]
 [5.52]
 [7.96]
 [5.27]
 [3.69]
 [4.54]
 [7.75]
 [2.94]
 [4.37]
 [6.11]
 [4.24]
 [2.62]
 [2.29]
 [2.42]
 [5.48]
 [6.63]
 [5.74]
 [4.81]]
	Interview   = [7.65 9.72 4.16 8.90 0.08 3.39 1.39 2.52 1.50 5.21 0.88 4.72 7.37 4.06 6.17 0.92 5.52 2.88 0.91 6.76 7.58 9.37 1.82 5.98 1.18]
	Decision    = [[1]
 [1]
 [0]
 [1]
 [0]
 [0]
 [0]
 [0]
 [0]
 [0]
 [0]
 [0]
 [1]
 [0]
 [0]
 [0]
 [0]
 [0]
 [0]
 [0]
 [1]
 [1]
 [0]
 [0]
 [0]]


***********************************


