Min 0.00	 Max 6.00	 Mean 2.79	 Median 3.00	 STD 1.26		 - Education
Min 0.01	 Max 17.05	 Mean 1.99	 Median 1.67	 STD 1.41		 - Work Exp.
Min 0.06	 Max 54.36	 Mean 3.46	 Median 3.26	 STD 1.48		 - Skills
Min 0.00	 Max 9.00	 Mean 4.50	 Median 4.00	 STD 2.87		 - Socio
Min 1.00	 Max 8.00	 Mean 4.51	 Median 4.51	 STD 2.02		 - Bias
Min -1.50	 Max 43.48	 Mean 4.53	 Median 4.46	 STD 1.51		 - Interview
Min 0.00	 Max 1.00	 Mean 0.14	 Median 0.00	 STD 0.34		 - Decision
(Continuous) First 25 samples from a total of 96000 samples:
	Education   = [[2.00]
 [4.00]
 [4.00]
 [3.00]
 [4.00]
 [3.00]
 [2.00]
 [2.00]
 [3.00]
 [1.00]
 [4.00]
 [2.00]
 [2.00]
 [4.00]
 [5.00]
 [2.00]
 [1.00]
 [2.00]
 [1.00]
 [5.00]
 [3.00]
 [0.00]
 [4.00]
 [4.00]
 [3.00]]
	Work Exp.   = [[3.54]
 [2.65]
 [3.47]
 [0.91]
 [0.16]
 [0.36]
 [1.04]
 [0.82]
 [1.63]
 [2.32]
 [0.64]
 [1.89]
 [2.03]
 [0.13]
 [1.63]
 [4.69]
 [2.45]
 [0.89]
 [1.23]
 [2.71]
 [3.56]
 [1.68]
 [0.24]
 [2.78]
 [1.61]]
	Skills      = [[4.04]
 [4.42]
 [5.05]
 [2.46]
 [2.58]
 [1.96]
 [2.09]
 [1.76]
 [2.95]
 [2.56]
 [3.34]
 [2.89]
 [3.18]
 [2.24]
 [4.12]
 [4.88]
 [2.53]
 [1.98]
 [1.52]
 [5.15]
 [4.64]
 [1.65]
 [3.08]
 [4.47]
 [3.33]]
	Socio       = [[2]
 [6]
 [6]
 [5]
 [5]
 [3]
 [8]
 [5]
 [9]
 [9]
 [2]
 [9]
 [8]
 [4]
 [0]
 [0]
 [9]
 [8]
 [8]
 [0]
 [8]
 [7]
 [7]
 [7]
 [9]]
	Bias        = [1.34 3.41 4.30 2.98 7.60 4.19 3.67 3.96 4.96 1.73 6.05 2.47 4.71 5.95 7.16 6.54 3.77 7.55 2.05 5.05 5.83 5.20 3.26 6.12 4.75]
	Interview   = [[5.50]
 [4.87]
 [3.52]
 [4.46]
 [2.82]
 [3.67]
 [3.34]
 [3.69]
 [3.98]
 [5.44]
 [4.86]
 [4.24]
 [5.81]
 [2.97]
 [4.30]
 [3.69]
 [4.30]
 [2.65]
 [5.39]
 [5.91]
 [3.56]
 [3.12]
 [4.99]
 [4.75]
 [5.17]]
	Decision    = [[0]
 [0]
 [0]
 [0]
 [0]
 [0]
 [0]
 [0]
 [0]
 [0]
 [0]
 [0]
 [0]
 [0]
 [0]
 [0]
 [0]
 [0]
 [0]
 [0]
 [0]
 [0]
 [0]
 [0]
 [0]]


***********************************


