Min 0.00	 Max 4.00	 Mean 2.00	 Median 2.00	 STD 1.41		 - Socio
Min 0.00	 Max 20.00	 Mean 9.97	 Median 9.94	 STD 5.76		 - Quality
Min -5.06	 Max 22.57	 Mean 10.01	 Median 10.02	 STD 2.99		 - Motivation
Min -0.10	 Max 49.08	 Mean 10.48	 Median 10.44	 STD 4.72		 - Cultural
Min -1.17	 Max 22.12	 Mean 10.00	 Median 9.98	 STD 3.09		 - Test
Min 0.00	 Max 2.00	 Mean 0.62	 Median 0.00	 STD 0.78		 - Selection
(Continuous) First 25 samples from a total of 96000 samples:
	Socio       = [[4]
 [3]
 [4]
 [3]
 [1]
 [0]
 [1]
 [2]
 [3]
 [2]
 [4]
 [2]
 [1]
 [0]
 [0]
 [0]
 [2]
 [0]
 [1]
 [3]
 [0]
 [2]
 [0]
 [0]
 [1]]
	Quality     = [4.84 10.68 6.62 0.28 11.90 3.48 14.20 8.05 0.95 17.43 3.58 6.63 10.85 7.24 1.81 15.24 12.03 11.26 0.77 14.00 6.21 9.26 11.27 9.44 13.98]
	Motivation  = [[9.69]
 [9.93]
 [7.83]
 [9.04]
 [12.82]
 [11.32]
 [8.10]
 [8.09]
 [10.48]
 [8.26]
 [11.81]
 [8.33]
 [10.33]
 [3.83]
 [6.60]
 [10.05]
 [11.79]
 [9.57]
 [9.29]
 [7.36]
 [4.51]
 [7.56]
 [10.38]
 [9.58]
 [9.85]]
	Cultural    = [[6.18]
 [10.60]
 [6.93]
 [2.14]
 [12.25]
 [5.70]
 [13.03]
 [8.41]
 [3.01]
 [15.69]
 [5.24]
 [7.40]
 [10.87]
 [6.89]
 [3.53]
 [14.61]
 [12.66]
 [11.44]
 [4.71]
 [13.42]
 [6.08]
 [8.95]
 [12.10]
 [10.25]
 [14.81]]
	Test        = [[6.30]
 [11.24]
 [5.78]
 [5.45]
 [12.59]
 [9.72]
 [10.99]
 [7.38]
 [6.65]
 [12.80]
 [9.41]
 [9.04]
 [10.27]
 [5.64]
 [5.62]
 [13.38]
 [11.12]
 [10.41]
 [4.57]
 [9.19]
 [4.76]
 [7.90]
 [8.73]
 [10.38]
 [10.98]]
	Selection   = [[0]
 [0]
 [0]
 [0]
 [1]
 [0]
 [1]
 [0]
 [0]
 [2]
 [0]
 [0]
 [0]
 [0]
 [0]
 [1]
 [1]
 [0]
 [0]
 [1]
 [0]
 [0]
 [0]
 [0]
 [1]]


***********************************


