Min 0.00	 Max 4.00	 Mean 2.00	 Median 2.00	 STD 1.41		 - Socio
Min -3.44	 Max 24.81	 Mean 10.50	 Median 10.51	 STD 3.34		 - Quality
Min -3.46	 Max 22.13	 Mean 9.98	 Median 9.98	 STD 3.01		 - Motivation
Min -0.55	 Max 61.54	 Mean 10.89	 Median 10.87	 STD 2.86		 - Cultural
Min 0.00	 Max 20.00	 Mean 9.98	 Median 9.94	 STD 5.77		 - Test
Min 0.00	 Max 2.00	 Mean 0.60	 Median 0.00	 STD 0.74		 - Selection
(Continuous) First 25 samples from a total of 96000 samples:
	Socio       = [[3]
 [0]
 [2]
 [2]
 [2]
 [2]
 [1]
 [4]
 [1]
 [0]
 [0]
 [4]
 [3]
 [0]
 [4]
 [4]
 [2]
 [2]
 [1]
 [3]
 [0]
 [4]
 [1]
 [0]
 [3]]
	Quality     = [[8.11]
 [13.31]
 [8.83]
 [7.01]
 [11.03]
 [13.44]
 [5.41]
 [8.53]
 [5.74]
 [12.87]
 [9.47]
 [14.14]
 [9.94]
 [13.79]
 [7.12]
 [9.25]
 [8.29]
 [16.15]
 [13.55]
 [9.00]
 [11.83]
 [7.43]
 [15.20]
 [17.65]
 [11.11]]
	Motivation  = [[14.63]
 [11.84]
 [10.34]
 [6.66]
 [10.10]
 [4.77]
 [8.63]
 [11.82]
 [4.04]
 [6.95]
 [7.43]
 [15.63]
 [9.39]
 [6.13]
 [13.26]
 [11.10]
 [8.70]
 [12.38]
 [9.92]
 [13.22]
 [11.67]
 [6.21]
 [12.20]
 [9.68]
 [10.58]]
	Cultural    = [[9.50]
 [13.45]
 [10.57]
 [6.94]
 [11.60]
 [11.91]
 [7.70]
 [9.52]
 [5.45]
 [11.82]
 [9.08]
 [14.84]
 [10.28]
 [12.64]
 [8.35]
 [9.64]
 [8.85]
 [16.22]
 [13.25]
 [9.97]
 [13.38]
 [7.49]
 [15.05]
 [16.15]
 [11.46]]
	Test        = [19.27 5.82 9.83 11.89 3.80 9.77 13.20 4.93 19.68 7.90 18.88 3.17 16.20 18.35 11.90 14.49 19.48 2.21 13.29 8.97 12.56 12.27 2.25 4.28 4.43]
	Selection   = [[2]
 [0]
 [0]
 [0]
 [0]
 [0]
 [0]
 [0]
 [1]
 [0]
 [1]
 [0]
 [1]
 [2]
 [0]
 [1]
 [2]
 [0]
 [1]
 [0]
 [1]
 [0]
 [0]
 [0]
 [0]]


***********************************


