Min 0.00	 Max 4.00	 Mean 1.99	 Median 2.00	 STD 1.42		 - Socio
Min -2.80	 Max 23.02	 Mean 10.52	 Median 10.52	 STD 3.32		 - Quality
Min -2.03	 Max 23.91	 Mean 9.99	 Median 9.98	 STD 3.00		 - Motivation
Min 0.00	 Max 20.00	 Mean 9.99	 Median 9.99	 STD 5.77		 - Cultural
Min 0.05	 Max 20.30	 Mean 10.20	 Median 10.20	 STD 2.45		 - Test
Min 0.00	 Max 2.00	 Mean 0.53	 Median 0.00	 STD 0.70		 - Selection
(Continuous) First 25 samples from a total of 96000 samples:
	Socio       = [[3]
 [3]
 [0]
 [2]
 [3]
 [2]
 [2]
 [4]
 [0]
 [2]
 [0]
 [3]
 [3]
 [1]
 [3]
 [2]
 [1]
 [1]
 [2]
 [4]
 [1]
 [0]
 [3]
 [4]
 [2]]
	Quality     = [[8.02]
 [10.47]
 [11.15]
 [10.99]
 [9.37]
 [8.40]
 [10.80]
 [10.39]
 [12.58]
 [12.24]
 [13.83]
 [16.53]
 [14.14]
 [11.18]
 [10.53]
 [15.30]
 [8.69]
 [7.48]
 [13.96]
 [6.53]
 [12.65]
 [19.18]
 [6.71]
 [11.09]
 [10.63]]
	Motivation  = [[13.61]
 [8.51]
 [14.82]
 [6.21]
 [9.44]
 [12.47]
 [6.11]
 [10.24]
 [9.46]
 [12.69]
 [15.35]
 [4.83]
 [10.42]
 [16.56]
 [12.20]
 [11.65]
 [8.04]
 [8.66]
 [9.63]
 [13.44]
 [11.72]
 [10.72]
 [9.95]
 [9.23]
 [8.80]]
	Cultural    = [4.27 18.48 13.85 4.64 5.06 9.49 4.83 6.77 13.39 9.65 17.42 16.99 7.21 9.36 7.11 3.39 5.50 3.08 0.53 13.40 9.46 13.74 3.14 18.23 13.66]
	Test        = [[11.21]
 [9.23]
 [11.73]
 [10.58]
 [7.69]
 [9.08]
 [7.49]
 [11.78]
 [11.07]
 [14.36]
 [12.75]
 [8.82]
 [11.93]
 [14.63]
 [12.39]
 [13.23]
 [7.03]
 [9.74]
 [10.78]
 [10.84]
 [10.40]
 [15.68]
 [8.50]
 [11.00]
 [10.81]]
	Selection   = [[0]
 [1]
 [1]
 [0]
 [0]
 [0]
 [0]
 [0]
 [1]
 [1]
 [2]
 [1]
 [0]
 [1]
 [0]
 [0]
 [0]
 [0]
 [0]
 [1]
 [0]
 [2]
 [0]
 [2]
 [1]]


***********************************


