Min 0.00	 Max 4.00	 Mean 2.01	 Median 2.00	 STD 1.41		 - Socio
Min -3.91	 Max 24.24	 Mean 10.50	 Median 10.51	 STD 3.32		 - Quality
Min 0.00	 Max 20.00	 Mean 10.01	 Median 10.04	 STD 5.78		 - Motivation
Min -0.59	 Max 98.92	 Mean 10.90	 Median 10.87	 STD 3.04		 - Cultural
Min -2.02	 Max 22.25	 Mean 10.21	 Median 10.20	 STD 3.85		 - Test
Min 0.00	 Max 2.00	 Mean 0.59	 Median 0.00	 STD 0.73		 - Selection
(Continuous) First 25 samples from a total of 96000 samples:
	Socio       = [[3]
 [4]
 [0]
 [1]
 [3]
 [1]
 [3]
 [1]
 [0]
 [2]
 [4]
 [1]
 [1]
 [2]
 [2]
 [1]
 [4]
 [4]
 [2]
 [4]
 [2]
 [1]
 [2]
 [2]
 [2]]
	Quality     = [[13.54]
 [4.95]
 [14.50]
 [15.14]
 [7.06]
 [14.38]
 [10.04]
 [10.45]
 [9.25]
 [12.83]
 [10.70]
 [10.80]
 [10.11]
 [9.78]
 [11.00]
 [11.85]
 [11.07]
 [10.71]
 [8.01]
 [8.34]
 [6.37]
 [10.34]
 [7.42]
 [15.90]
 [10.96]]
	Motivation  = [6.12 2.06 3.00 12.70 6.60 19.06 17.77 19.84 9.57 4.10 16.12 5.26 6.04 8.71 11.52 16.99 0.08 9.24 11.39 3.68 19.21 5.33 1.63 7.00 1.64]
	Cultural    = [[13.48]
 [4.45]
 [12.82]
 [14.88]
 [7.15]
 [15.87]
 [12.57]
 [12.91]
 [9.37]
 [11.21]
 [12.08]
 [9.80]
 [9.61]
 [10.84]
 [11.16]
 [13.58]
 [10.17]
 [10.75]
 [8.82]
 [7.42]
 [9.26]
 [9.85]
 [6.43]
 [14.16]
 [9.41]]
	Test        = [[8.07]
 [4.71]
 [5.27]
 [14.68]
 [5.45]
 [18.04]
 [15.25]
 [16.28]
 [11.34]
 [8.92]
 [13.89]
 [7.17]
 [7.32]
 [9.66]
 [11.13]
 [14.38]
 [3.05]
 [10.07]
 [10.58]
 [7.93]
 [14.26]
 [6.82]
 [3.02]
 [11.40]
 [7.30]]
	Selection   = [[0]
 [0]
 [0]
 [2]
 [0]
 [2]
 [1]
 [2]
 [0]
 [0]
 [1]
 [0]
 [0]
 [0]
 [1]
 [1]
 [0]
 [0]
 [0]
 [0]
 [1]
 [0]
 [0]
 [1]
 [0]]


***********************************


