Min 0.00	 Max 4.00	 Mean 2.01	 Median 2.00	 STD 1.41		 - Socio
Min -3.59	 Max 23.07	 Mean 10.48	 Median 10.48	 STD 3.32		 - Quality
Min -3.41	 Max 23.52	 Mean 10.00	 Median 9.99	 STD 3.00		 - Motivation
Min -1.03	 Max 53.51	 Mean 10.88	 Median 10.85	 STD 2.84		 - Cultural
Min -1.94	 Max 22.03	 Mean 10.18	 Median 10.18	 STD 2.45		 - Test
Min 0.00	 Max 2.00	 Mean 0.50	 Median 0.00	 STD 0.63		 - Selection
(Continuous) First 25 samples from a total of 96000 samples:
	Socio       = [[2]
 [3]
 [2]
 [1]
 [2]
 [0]
 [4]
 [0]
 [1]
 [2]
 [0]
 [4]
 [3]
 [0]
 [2]
 [0]
 [0]
 [2]
 [0]
 [1]
 [2]
 [3]
 [3]
 [1]
 [0]]
	Quality     = [[4.92]
 [9.10]
 [9.03]
 [14.60]
 [8.50]
 [14.39]
 [6.46]
 [12.69]
 [16.51]
 [10.98]
 [11.10]
 [5.54]
 [11.95]
 [15.63]
 [9.18]
 [13.00]
 [11.15]
 [12.15]
 [10.84]
 [8.42]
 [8.93]
 [10.14]
 [10.02]
 [11.10]
 [6.79]]
	Motivation  = [[10.32]
 [11.83]
 [7.59]
 [14.83]
 [8.84]
 [6.16]
 [10.52]
 [10.58]
 [11.99]
 [11.97]
 [11.40]
 [13.68]
 [8.58]
 [12.16]
 [6.68]
 [7.84]
 [9.57]
 [5.24]
 [8.73]
 [6.99]
 [9.71]
 [9.05]
 [4.81]
 [6.34]
 [6.52]]
	Cultural    = [[6.01]
 [9.77]
 [9.05]
 [14.74]
 [14.25]
 [12.94]
 [7.32]
 [12.34]
 [17.18]
 [11.66]
 [12.38]
 [7.43]
 [11.78]
 [15.84]
 [10.68]
 [12.71]
 [13.65]
 [11.77]
 [10.80]
 [8.62]
 [9.56]
 [10.37]
 [9.13]
 [10.52]
 [6.95]]
	Test        = [[8.08]
 [9.26]
 [10.09]
 [14.12]
 [8.35]
 [10.15]
 [8.59]
 [9.44]
 [16.12]
 [10.96]
 [11.96]
 [10.84]
 [10.20]
 [13.52]
 [6.64]
 [10.31]
 [10.25]
 [7.16]
 [9.03]
 [7.85]
 [9.60]
 [8.07]
 [8.36]
 [8.15]
 [5.65]]
	Selection   = [[0]
 [0]
 [0]
 [2]
 [1]
 [1]
 [0]
 [0]
 [2]
 [1]
 [1]
 [0]
 [0]
 [2]
 [0]
 [1]
 [1]
 [0]
 [0]
 [0]
 [0]
 [0]
 [0]
 [0]
 [0]]


***********************************


