Min 0.00	 Max 100.00	 Mean 50.04	 Median 49.99	 STD 28.94		 - Age
Min -0.63	 Max 68.79	 Mean 35.03	 Median 34.96	 STD 14.81		 - Food Habits
Min 0.00	 Max 100.00	 Mean 50.26	 Median 50.44	 STD 28.85		 - Health
Min 9.09	 Max 81.34	 Mean 45.12	 Median 45.22	 STD 14.77		 - Mobility
Min 1.00	 Max 3.00	 Mean 2.22	 Median 2.00	 STD 0.77		 - Diagnose
(Continuous) First 25 samples from a total of 80000 samples:
	Age         = [78.53 78.59 96.91 74.81 65.56 93.89 17.86 58.86 44.28 34.88 33.09 15.94 98.95 25.71 71.58 50.59 66.41 70.23 5.21 6.01 94.54 25.04 40.58 27.60 30.07]
	Food Habits = [45.63 49.20 56.45 47.69 42.35 55.90 21.20 38.67 29.49 23.93 25.79 13.09 60.24 22.36 45.55 34.18 47.05 39.09 12.12 11.73 61.87 24.71 26.01 29.10 30.99]
	Health      = [40.00 88.45 11.23 72.04 93.98 14.44 34.36 64.76 57.36 95.41 40.13 94.43 17.95 84.15 34.40 81.42 39.87 70.51 28.45 31.35 54.84 4.16 30.36 0.03 3.39]
	Mobility    = [42.45 62.70 27.77 61.13 66.41 26.98 38.08 48.76 49.41 67.51 40.61 70.29 21.76 68.80 32.30 55.84 35.64 56.27 31.86 37.69 49.39 18.32 32.33 21.23 21.46]
	Diagnose    = [2 3 3 2 3 3 1 2 2 2 3 3 3 2 3 2 3 3 1 1 3 1 3 1 3]
	Diagnose1   = [0 0 0 0 0 0 1 0 0 0 0 0 0 0 0 0 0 0 1 1 0 1 0 1 0]
	Diagnose2   = [1 0 0 1 0 0 0 1 1 1 0 0 0 1 0 1 0 0 0 0 0 0 0 0 0]
	Diagnose3   = [0 1 1 0 1 1 0 0 0 0 1 1 1 0 1 0 1 1 0 0 1 0 1 0 1]


***********************************


