Min 0.00	 Max 100.00	 Mean 50.05	 Median 49.99	 STD 28.89		 - Age
Min 0.15	 Max 70.21	 Mean 35.01	 Median 34.94	 STD 14.80		 - Food Habits
Min -29.97	 Max 69.76	 Mean 31.56	 Median 36.94	 STD 17.89		 - Health
Min 0.00	 Max 100.00	 Mean 50.14	 Median 50.25	 STD 28.88		 - Mobility
Min 1.00	 Max 3.00	 Mean 2.16	 Median 2.00	 STD 0.66		 - Diagnose
(Continuous) First 25 samples from a total of 80000 samples:
	Age         = [85.17 49.36 39.02 17.96 10.07 78.02 78.63 87.11 32.21 11.88 61.04 73.37 22.03 78.83 27.86 5.44 27.10 0.20 66.11 76.23 25.41 8.66 2.55 44.65 41.91]
	Food Habits = [53.66 34.12 30.50 21.24 8.36 48.93 48.27 55.48 28.25 17.00 38.20 46.64 12.43 47.18 21.36 14.24 21.84 12.75 40.36 47.55 27.24 18.51 12.98 30.05 32.24]
	Health      = [3.65 37.56 47.30 58.76 46.23 11.09 21.31 17.73 41.87 46.42 25.64 20.56 42.58 14.14 48.34 54.85 40.31 38.52 22.45 15.31 48.41 51.66 47.29 36.29 37.92]
	Mobility    = [53.62 29.15 22.75 33.98 7.40 63.96 78.92 37.37 47.62 58.05 77.64 29.60 1.62 76.95 6.58 84.62 17.87 21.70 30.07 70.66 67.71 84.82 82.93 57.18 48.81]
	Diagnose    = [2 2 3 1 1 2 2 3 2 1 2 2 1 2 3 2 1 1 2 2 2 2 2 2 2]
	Diagnose1   = [0 0 0 1 1 0 0 0 0 1 0 0 1 0 0 0 1 1 0 0 0 0 0 0 0]
	Diagnose2   = [1 1 0 0 0 1 1 0 1 0 1 1 0 1 0 1 0 0 1 1 1 1 1 1 1]
	Diagnose3   = [0 0 1 0 0 0 0 1 0 0 0 0 0 0 1 0 0 0 0 0 0 0 0 0 0]


***********************************


