Min 0.00	 Max 100.00	 Mean 49.97	 Median 49.87	 STD 28.90		 - Age
Min -2.32	 Max 70.79	 Mean 34.99	 Median 35.00	 STD 14.80		 - Food Habits
Min -29.62	 Max 73.17	 Mean 31.64	 Median 37.06	 STD 17.92		 - Health
Min 0.57	 Max 59.82	 Mean 35.83	 Median 37.93	 STD 9.49		 - Mobility
Min 1.00	 Max 3.00	 Mean 2.23	 Median 2.00	 STD 0.80		 - Diagnose
(Continuous) First 25 samples from a total of 80000 samples:
	Age         = [0.62 94.18 6.61 97.90 12.30 10.27 81.71 94.03 53.05 12.54 77.97 10.25 10.40 48.06 17.91 29.07 11.54 72.49 47.48 70.85 33.28 96.16 90.36 92.67 29.19]
	Food Habits = [9.61 55.57 15.20 59.78 18.74 14.90 49.63 57.65 35.73 17.50 53.16 10.24 13.76 38.26 19.62 18.10 19.78 39.69 33.35 42.77 29.05 52.44 51.38 59.25 18.17]
	Health      = [41.40 -3.58 49.02 -13.20 46.82 37.60 9.70 -8.89 28.07 45.01 21.02 50.52 43.71 44.50 44.06 51.41 48.26 24.02 31.14 22.95 44.77 -7.27 0.43 13.73 44.18]
	Mobility    = [45.82 17.59 47.58 9.67 43.25 35.54 21.68 15.03 33.00 46.58 30.87 47.71 45.49 41.39 45.94 43.79 43.62 33.08 37.04 31.62 42.39 19.42 17.33 25.77 42.43]
	Diagnose    = [1 3 1 3 1 1 3 3 2 1 2 1 1 2 1 3 1 3 2 3 2 3 3 3 3]
	Diagnose1   = [1 0 1 0 1 1 0 0 0 1 0 1 1 0 1 0 1 0 0 0 0 0 0 0 0]
	Diagnose2   = [0 0 0 0 0 0 0 0 1 0 1 0 0 1 0 0 0 0 1 0 1 0 0 0 0]
	Diagnose3   = [0 1 0 1 0 0 1 1 0 0 0 0 0 0 0 1 0 1 0 1 0 1 1 1 1]


***********************************


