Min 0.00	 Max 100.00	 Mean 49.94	 Median 49.99	 STD 28.80		 - Age
Min -0.44	 Max 70.69	 Mean 34.96	 Median 34.93	 STD 14.75		 - Food Habits
Min -31.37	 Max 69.52	 Mean 31.71	 Median 37.06	 STD 17.83		 - Health
Min 0.80	 Max 60.76	 Mean 35.86	 Median 37.93	 STD 9.47		 - Mobility
Min 1.00	 Max 3.00	 Mean 2.23	 Median 2.00	 STD 0.80		 - Diagnose
(Continuous) First 25 samples from a total of 80000 samples:
	Age         = [68.24 5.38 22.04 18.44 17.59 81.21 92.33 27.66 81.98 88.99 51.30 24.50 82.42 21.38 74.15 62.99 92.74 23.19 79.91 51.82 23.16 16.59 49.78 58.27 18.43]
	Food Habits = [47.61 15.79 23.11 18.00 14.34 53.29 55.63 21.84 50.22 54.67 41.36 22.37 55.06 21.58 46.73 37.34 58.91 15.42 53.31 35.32 26.67 21.38 34.71 37.18 21.78]
	Health      = [28.56 49.92 51.05 52.56 52.83 15.61 1.63 44.81 15.27 14.64 42.92 44.05 14.15 55.41 16.52 18.58 -3.44 46.35 5.74 42.56 43.93 56.33 37.30 44.84 46.97]
	Mobility    = [31.58 39.46 42.88 46.05 52.79 19.93 20.48 41.69 31.23 28.59 41.38 38.36 24.07 41.62 24.78 30.10 21.47 40.82 19.88 40.33 40.17 45.88 42.04 41.31 45.44]
	Diagnose    = [3 1 3 1 2 3 3 3 3 2 2 1 3 3 2 3 3 1 3 3 1 1 2 3 1]
	Diagnose1   = [0 1 0 1 0 0 0 0 0 0 0 1 0 0 0 0 0 1 0 0 1 1 0 0 1]
	Diagnose2   = [0 0 0 0 1 0 0 0 0 1 1 0 0 0 1 0 0 0 0 0 0 0 1 0 0]
	Diagnose3   = [1 0 1 0 0 1 1 1 1 0 0 0 1 1 0 1 1 0 1 1 0 0 0 1 0]


***********************************


