Min 0.00	 Max 100.00	 Mean 50.03	 Median 50.02	 STD 28.88		 - Age
Min 0.00	 Max 100.00	 Mean 49.95	 Median 50.07	 STD 28.80		 - Food Habits
Min -48.50	 Max 105.87	 Mean 39.08	 Median 42.33	 STD 28.39		 - Health
Min -8.50	 Max 79.23	 Mean 39.55	 Median 41.11	 STD 14.54		 - Mobility
Min 1.00	 Max 3.00	 Mean 2.30	 Median 2.00	 STD 0.74		 - Diagnose
(Continuous) First 25 samples from a total of 80000 samples:
	Age         = [6.25 20.96 29.93 91.01 31.66 58.55 95.98 81.42 26.80 4.76 91.74 17.92 94.88 42.81 80.38 31.41 58.53 42.09 36.41 87.57 8.92 60.23 81.37 16.13 95.64]
	Food Habits = [6.98 6.19 19.36 15.26 93.94 99.91 61.14 4.87 70.43 80.81 63.56 25.32 7.09 24.23 4.26 35.90 31.10 64.33 75.85 64.69 75.75 7.51 88.54 0.80 15.08]
	Health      = [48.59 39.15 37.45 -18.57 96.93 65.65 -2.79 -7.39 66.85 82.97 1.56 58.65 -19.94 33.28 -4.59 49.45 30.08 65.62 77.74 17.62 87.86 15.38 36.23 36.31 -12.08]
	Mobility    = [44.17 42.63 38.57 6.47 67.39 46.15 18.81 15.29 54.08 55.70 19.95 44.84 8.01 33.12 13.37 40.81 29.70 54.91 63.05 28.07 68.54 18.66 38.83 33.49 20.09]
	Diagnose    = [1 1 3 3 2 2 3 3 2 1 3 1 3 2 3 2 3 2 2 2 1 3 2 1 3]
	Diagnose1   = [1 1 0 0 0 0 0 0 0 1 0 1 0 0 0 0 0 0 0 0 1 0 0 1 0]
	Diagnose2   = [0 0 0 0 1 1 0 0 1 0 0 0 0 1 0 1 0 1 1 1 0 0 1 0 0]
	Diagnose3   = [0 0 1 1 0 0 1 1 0 0 1 0 1 0 1 0 1 0 0 0 0 1 0 0 1]


***********************************


